SHARED_POOL_SIZE_FOR_ESTIMATE SHARED_POOL_SIZE_FACTOR ESTD_LC_SIZE ESTD_LC_MEMORY_OBJECTS ESTD_LC_TIME_SAVED ESTD_LC_TIME_SAVED_FACTOR ESTD_LC_LOAD_TIME ESTD_LC_LOAD_TIME_FACTOR ESTD_LC_MEMORY_OBJECT_HITS
----------------------------- ----------------------- ------------ ---------------------- ------------------ ------------------------- ----------------- ------------------------ --------------------------
                          720                      .1          720                   9820         1732926506                     .8035         424147046                1052.3618                 3731091669
                         1440                      .2         1440                  15258         1853536122                     .8594         303537430                 753.1143                 3914660585
                         2160                      .3         2160                  22533         1945782997                     .9022         211290555                 524.2382                 4140900337
                         2880                      .4         2880                  26754         2014623345                     .9341         142450207                 353.4367                  102884336
                         3600                      .5         3600                  29861         2049309237                     .9502         107764315                 267.3767                  279373642
                         4320                      .6         4320                  35082         2081790880                     .9653          75282672                 186.7857                  483754076
                         5040                      .7         5040                  38058         2119734797                     .9829          37338755                  92.6421                  791097190
                         5760                      .8         5760                  45337         2148912944                     .9964           8160608                  20.2475                  932864066
                         6480                      .9         6480                  58082         2154901145                     .9992           2172407                     5.39                  936067164
                         7200                       1         7199                  80410         2156670509                         1            403043                        1                  936586340
                         7920                     1.1         7916                  98416         2157862995                    1.0006                 1                        0                  936986244

SHARED_POOL_SIZE_FOR_ESTIMATE SHARED_POOL_SIZE_FACTOR ESTD_LC_SIZE ESTD_LC_MEMORY_OBJECTS ESTD_LC_TIME_SAVED ESTD_LC_TIME_SAVED_FACTOR ESTD_LC_LOAD_TIME ESTD_LC_LOAD_TIME_FACTOR ESTD_LC_MEMORY_OBJECT_HITS
----------------------------- ----------------------- ------------ ---------------------- ------------------ ------------------------- ----------------- ------------------------ --------------------------
                         8640                     1.2         8635                 111496         2158626766                    1.0009                 1                        0                  937312580
                         9360                     1.3         9354                 128700         2159127198                    1.0011                 1                        0                  937516505
                        10080                     1.4        10073                 145723         2159530590                    1.0013                 1                        0                  937703182
                        10800                     1.5        10792                 162526         2159847843                    1.0015                 1                        0                  937841340
                        11520                     1.6        11511                 184985         2160084277                    1.0016                 1                        0                  937960531
                        12240                     1.7        12240                 199605         2160276506                    1.0017                 1                        0                  938054006
                        12960                     1.8        12959                 206984         2160476418                    1.0018                 1                        0                  938141688
                        13680                     1.9        13678                 217267         2160584784                    1.0018                 1                        0                  938209350
                        14400                       2        14400                 242197         2160649303                    1.0018                 1                        0                  938255181

20 rows selected.